---------------------------------------
Dump of superblock on User.n42:
---------------------------------------
number of blocks in i-list is: 59
number of blocks on volume is: 1440
number of freeblocks in free[] is: 50 (max 50)
free blocks: 497 498 499 500 63 62 407 67 479 478 481 480 482 483 484 540 461 309 322 321 320 319 318 317 313 312 311 310 314 300 299 298 308 307 306 305 304 316 315 301 303 302 294 293 292 291 296 295 297 279
number of free inodes in inode[] is: 90 (max 100)
free inodes: 108 107 106 105 104 103 102 101 100 99 98 97 96 95 94 93 92 91 90 89 88 87 86 85 84 83 82 81 80 79 78 77 76 75 74 73 72 71 70 69 68 67 66 65 64 63 62 61 60 59 58 57 56 55 54 53 52 51 50 49 48 47 46 45 44 43 42 41 40 39 38 37 36 35 34 33 32 31 30 29 27 26 25 24 23 22 21 20 19 18
freelist lock flag is not set
i-list lock flag is not set
superblock is not modified
filesystem was not mounted readonly
Last update was Tue Mar 17 12:40:07 MET 1987
total number of free blocks is: 1249
total number of free inodes is: 436
interleave factors are: 1 and 18
File system name is: User
File system pack is: n42
---------------------------------------
Dump of freelist on User.n42:
---------------------------------------
In superblock:
Holds 50 entries:
 279 297 295 296 291 292 293 294 302 303 301 315 316 304 305 306 307 308 298 299 300 314 310 311 312 313 317 318 319 320 321 322 309 461 540 484 483 482 480 481 478 479 67 407 62 63 500 499 498 497
Fetching freeblock: 497
Holds 50 entries:
 496 495 494 493 492 491 490 489 488 487 486 485 82 83 72 73 74 75 76 517 518 519 520 521 522 523 524 525 71 77 78 79 80 81 541 542 543 462 538 539 536 537 535 549 550 551 552 553 554 515
Fetching freeblock: 515
Holds 50 entries:
 544 545 526 527 528 529 530 531 532 533 534 546 547 548 556 557 558 559 560 561 562 563 564 565 566 567 568 569 570 571 572 514 516 555 464 465 466 467 468 469 470 471 472 473 474 475 463 1344 1353 1354
Fetching freeblock: 1354
Holds 50 entries:
 1355 1356 1357 1358 1359 1360 1361 1345 1346 1347 1348 1349 1350 1351 1352 1131 1327 1341 1342 1343 1336 1337 1338 1339 1340 1328 1329 1330 1331 1332 1333 1334 1335 1135 1136 1137 1138 1139 1140 1141 1142 1143 1144 1145 1146 1147 1148 1149 1150 1151
Fetching freeblock: 1151
Holds 50 entries:
 1152 1153 1154 1155 1156 1157 1158 1159 1160 1161 1162 1163 1164 1165 1166 1167 1168 1169 1170 1171 1172 1173 1174 1175 1176 1177 1178 1179 1180 1181 1182 1183 1184 1185 1186 1187 1188 1189 1190 1191 1192 1193 1194 1195 1196 1197 1198 1199 1200 1201
Fetching freeblock: 1201
Holds 50 entries:
 1202 1203 1204 1205 1206 1207 1208 1209 1210 1211 1212 1213 1214 1215 1216 1217 1218 1219 1220 1221 1222 1223 1224 1225 1226 1227 1228 1229 1230 1231 1232 1233 1234 1235 1236 1237 1238 1239 1240 1241 1242 1243 1244 1245 1246 1247 1248 1249 1250 1251
Fetching freeblock: 1251
Holds 50 entries:
 1252 1253 1254 1255 1256 1257 1258 1259 1260 1261 1262 1263 1264 1265 1266 1267 1268 1269 1270 1271 1272 1273 1274 1275 1276 1277 1278 1279 1280 1281 1282 1283 1284 1285 1286 1287 1288 1289 1290 1291 1292 1293 1294 1295 1296 1297 1298 1299 1300 1301
Fetching freeblock: 1301
Holds 50 entries:
 1302 1303 1304 1305 1306 1307 1308 1309 1310 1311 1312 1313 1314 1315 1316 1317 1318 1319 1320 1321 1322 1323 1324 1325 1326 1132 1133 1134 209 447 448 432 433 434 435 436 437 438 439 70 84 85 86 87 88 89 90 91 92 93
Fetching freeblock: 93
Holds 50 entries:
 94 95 96 97 573 574 575 576 577 578 579 580 581 582 583 584 585 586 587 588 589 590 591 592 593 594 595 596 597 598 599 600 601 602 603 604 605 606 607 608 609 610 440 441 442 443 444 445 446 513
Fetching freeblock: 513
Holds 50 entries:
 508 509 510 504 505 506 507 501 502 503 66 512 333 334 335 336 337 338 339 340 341 342 343 344 345 346 347 348 349 350 351 352 353 354 355 356 357 358 359 360 361 323 324 325 326 61 511 330 331 332
Fetching freeblock: 332
Holds 50 entries:
 405 406 362 363 364 365 366 327 328 329 418 419 420 421 410 411 409 408 68 367 368 369 370 371 372 373 374 375 376 377 378 379 380 381 382 383 384 385 386 387 388 389 390 391 392 393 394 395 396 397
Fetching freeblock: 397
Holds 50 entries:
 398 399 400 401 402 403 404 99 100 101 102 69 430 431 425 426 427 428 429 422 423 424 412 413 414 415 416 417 113 114 115 116 117 118 119 120 121 122 123 124 125 126 127 128 129 130 131 132 133 134
Fetching freeblock: 134
Holds 50 entries:
 135 136 137 138 139 140 141 103 104 105 106 149 150 107 108 109 110 111 112 147 148 146 144 145 142 143 159 151 210 211 212 160 161 162 163 164 165 166 167 168 169 170 171 172 173 174 175 176 177 152
Fetching freeblock: 152
Holds 50 entries:
 153 154 155 156 157 158 64 456 457 458 459 460 453 454 455 477 449 450 451 452 65 476 1362 1393 1403 1404 1405 1406 1407 1408 1409 1410 1411 1412 1413 1414 1415 1416 1417 1418 1419 1420 1394 1395 1396 1397 1398 1399 1400 1401
Fetching freeblock: 1401
Holds 50 entries:
 1402 1363 1391 1392 1373 1374 1375 1376 1377 1378 1379 1380 1381 1382 1383 1384 1385 1386 1387 1388 1389 1390 1364 1365 1366 1367 1368 1369 1370 1371 1372 611 1027 1030 1029 1028 1026 991 992 993 994 995 996 997 998 999 1000 1001 1002 1003
Fetching freeblock: 1003
Holds 50 entries:
 1004 1005 986 987 988 989 990 985 984 970 971 972 973 974 975 976 977 978 979 980 981 982 983 967 968 969 963 964 965 966 959 960 961 962 953 954 955 956 957 958 918 919 920 921 922 923 895 896 897 898
Fetching freeblock: 898
Holds 50 entries:
 899 900 901 902 903 904 905 906 907 908 909 910 911 912 913 914 915 916 917 827 809 810 811 812 813 814 815 816 817 818 819 820 821 822 823 824 825 826 806 807 808 805 803 804 787 788 789 790 791 792
Fetching freeblock: 792
Holds 50 entries:
 793 794 795 796 797 798 799 800 801 802 742 743 744 745 746 747 748 749 750 751 752 753 754 755 756 757 758 759 760 761 762 763 764 765 766 767 768 769 770 771 772 773 774 775 776 777 778 779 780 781
Fetching freeblock: 781
Holds 50 entries:
 782 783 784 785 786 741 737 738 739 740 736 731 732 733 734 735 727 728 729 730 612 1031 1127 1128 1129 1130 1120 1121 1122 1123 1124 1125 1126 1105 1106 1107 1108 1109 1110 1111 1112 1113 1114 1115 1116 1117 1118 1119 1048 1049
Fetching freeblock: 1049
Holds 50 entries:
 1050 1051 1052 1053 1054 1055 1056 1057 1058 1059 1060 1061 1062 1063 1064 1065 1066 1067 1068 1069 1070 1071 1072 1073 1074 1075 1076 1077 1078 1079 1080 1081 1082 1083 1084 1085 1086 1087 1088 1089 1090 1091 1092 1093 1094 1095 1096 1097 1098 1099
Fetching freeblock: 1099
Holds 50 entries:
 1100 1101 1102 1103 1104 1047 1032 1033 1034 1035 1036 1037 1038 1039 1040 1041 1042 1043 1044 1045 1046 940 941 942 943 944 945 946 947 948 949 950 951 952 828 829 830 831 832 833 834 835 836 837 838 839 840 841 842 843
Fetching freeblock: 843
Holds 50 entries:
 844 845 846 847 848 849 850 851 852 853 854 855 856 857 858 859 860 861 862 863 864 865 866 867 868 869 870 871 872 873 874 875 876 877 878 879 880 881 882 883 884 885 886 887 888 889 890 891 892 893
Fetching freeblock: 893
Holds 50 entries:
 894 222 223 224 225 226 178 179 180 181 182 183 184 185 186 187 188 189 190 191 192 193 194 195 196 197 198 199 200 201 202 203 204 205 206 613 614 615 616 617 618 619 620 621 622 623 624 625 626 627
Fetching freeblock: 627
Holds 50 entries:
 628 629 630 631 632 633 634 635 636 637 638 639 640 641 642 643 644 645 646 647 648 649 650 651 652 653 654 655 656 657 658 659 660 661 662 663 664 665 666 667 668 669 670 671 672 673 674 675 676 677
Fetching freeblock: 677
Holds 50 entries:
 678 679 680 681 682 683 684 685 686 687 688 689 690 691 692 693 694 695 696 697 698 699 700 701 702 703 704 705 706 707 708 709 710 711 712 713 714 715 716 717 718 719 720 721 722 723 724 725 726 0
---------------------------------------
Badblock file inode (0 badblocks):
Inode: 1
mode=100000 (---------- )  type=8 (reg)
nlink=0 uid=0 gid=0
size=0 (maxblk=0) addr= 0 0 0 0 0 0 0 0 0 0 0 0 0
Direct blocks: none
atime=Mon Sep 09 23:22:54 MET DST 1985
ctime=Mon Sep 09 23:22:54 MET DST 1985
mtime=Mon Sep 09 23:22:54 MET DST 1985
---------------------------------------
Directory tree on floppy:
---------------------------------------
inum nlink       mode        size     date-last-modified       name
/:
   2     5 drwxrwxrwx         816 Tue Mar 17 12:38:22 MET 1987 .
   2     5 drwxrwxrwx         816 Tue Mar 17 12:38:22 MET 1987 ..
   3     2 drwxr-xr-x          32 Mon Sep 09 23:22:54 MET DST 1985 lost+found
  28     1 -rw-rw-r--           0 Thu Feb 19 16:03:12 MET 1987 abc
   4     1 -rw-r--r--     1026086 Fri Feb 20 17:02:43 MET 1987 mega
 117     1 -rw-r--r--  1074253350 Thu Feb 19 15:59:35 MET 1987 gigafile
   7     2 drwxrwxr-x         176 Tue Mar 17 12:40:03 MET 1987 filsys
 116     2 drwxrwxr-x         112 Tue Mar 17 09:27:04 MET 1987 eendir

/lost+found:
   3     2 drwxr-xr-x          32 Mon Sep 09 23:22:54 MET DST 1985 .
   2     5 drwxrwxrwx         816 Tue Mar 17 12:38:22 MET 1987 ..

/filsys:
   7     2 drwxrwxr-x         176 Tue Mar 17 12:40:03 MET 1987 .
   2     5 drwxrwxrwx         816 Tue Mar 17 12:38:22 MET 1987 ..
   8     1 -r--r--r--        1463 Tue Mar 17 12:40:01 MET 1987 const.h
  10     1 -r--r--r--         347 Tue Mar 17 12:40:01 MET 1987 fblk.h
  11     1 -r--r--r--        1057 Tue Mar 17 12:40:01 MET 1987 filsys.h
  12     1 -r--r--r--        1582 Tue Mar 17 12:40:02 MET 1987 ino.h
  13     1 -r--r--r--        1331 Tue Mar 17 12:40:02 MET 1987 macro.h
  14     1 -r--r--r--         114 Tue Mar 17 12:40:02 MET 1987 param.h
  15     1 -r--r--r--        1004 Tue Mar 17 12:40:02 MET 1987 stat.h
  16     1 -r--r--r--        3537 Tue Mar 17 12:40:02 MET 1987 tune.h
  17     1 -r--r--r--        2316 Tue Mar 17 12:40:03 MET 1987 types.h

/eendir:
 116     2 drwxrwxr-x         112 Tue Mar 17 09:27:04 MET 1987 .
   2     5 drwxrwxrwx         816 Tue Mar 17 12:38:22 MET 1987 ..
   9     1 -rw-rw-r--         713 Thu Feb 19 15:45:25 MET 1987 holes.c
   5     1 -rwxrwxrwx        5847 Fri Feb 20 17:01:05 MET 1987 holes
   6     1 -rw-rw-r--       28692 Fri Feb 20 17:03:27 MET 1987 core
---------------------------------------
Inode info tree on floppy:
---------------------------------------
Inode: 2  /
mode=040777 (drwxrwxrwx )  type=4 (dir)
nlink=5 uid=26 gid=0
size=816 (maxblk=2) addr= 60 1422 0 0 0 0 0 0 0 0 0 0 0
Direct blocks: 60 1422
atime=Tue Mar 17 12:38:07 MET 1987
ctime=Tue Mar 17 12:38:22 MET 1987
mtime=Tue Mar 17 12:38:22 MET 1987
---------------------------------------
Inode: 3  /lost+found
mode=040755 (drwxr-xr-x )  type=4 (dir)
nlink=2 uid=26 gid=0
size=32 (maxblk=1) addr= 59 0 0 0 0 0 0 0 0 0 0 0 0
Direct blocks: 59
atime=Wed Feb 25 12:40:40 MET 1987
ctime=Thu Sep 26 14:50:24 MET DST 1985
mtime=Mon Sep 09 23:22:54 MET DST 1985
---------------------------------------
Inode: 28  /abc
mode=100664 (-rw-rw-r-- )  type=8 (reg)
nlink=1 uid=31 gid=0
size=0 (maxblk=0) addr= 0 0 0 0 0 0 0 0 0 0 0 0 0
Direct blocks: none
atime=Thu Feb 19 16:03:12 MET 1987
ctime=Thu Feb 19 16:03:12 MET 1987
mtime=Thu Feb 19 16:03:12 MET 1987
---------------------------------------
Inode: 4  /mega
mode=100644 (-rw-r--r-- )  type=8 (reg)
nlink=1 uid=31 gid=0
size=1026086 (maxblk=2005) addr= 248 0 0 0 0 0 0 0 0 0 1421 1020 0
Direct blocks: 248 0 0 0 0 0 0 0 0 0
Indirect 1 blocks: 1421: 0 0 0 0 0 0 0 0 0 0 0 0 0 0 0 0 0 0 0 0 0 0 0 0 0 0 0 0 0 0 0 0 0 0 0 0 0 0 0 0 0 0 0 0 0 0 0 0 0 0 0 0 0 0 0 0 0 0 0 0 0 0 0 0 0 0 0 0 0 0 0 0 0 0 0 0 0 0 0 0 0 0 0 0 0 0 0 0 0 0 0 0 0 0 0 0 0 0 0 0 0 0 0 0 0 0 0 0 0 0 0 0 0 0 0 0 0 0 0 0 0 0 0 0 0 1423 0 0
Indirect 2 blocks: 1020:
 [0] [0] [0] [0] [0] [0] [1021] 0 0 0 0 0 0 0 0 0 0 0 0 0 0 0 0 0 0 0 0 0 0 0 0 0 0 0 0 0 0 0 0 0 0 0 0 0 0 0 0 0 0 0 0 0 0 0 0 0 0 0 0 0 0 0 0 0 0 0 0 0 0 0 0 0 0 0 0 0 0 0 0 0 0 0 0 0 0 0 0 0 0 0 0 0 0 0 0 0 0 0 0 0 0 1022 0 0 0 0 0 0 0 0 0 0 0 0 0 0 0 0 0 0 0 0 0 0 0 0 0 0 0 0 0 0 0 0 0 [0] [0] [0] [0] [0] [0] [0] [241] 0 0 0 0 0 0 0 0 0 0 0 0 0 0 0 0 0 0 0 0 0 0 0 0 0 0 0 0 0 0 0 0 0 0 0 0 0 0 0 0 0 0 0 0 0 0 0 0 0 0 0 0 0 0 0 0 0 0 0 0 0 0 0 0 0 0 0 0 0 0 0 0 0 0 247
atime=Fri Feb 20 17:01:29 MET 1987
ctime=Tue Mar 17 09:27:01 MET 1987
mtime=Fri Feb 20 17:02:43 MET 1987
---------------------------------------
Inode: 117  /gigafile
mode=100644 (-rw-r--r-- )  type=8 (reg)
nlink=1 uid=31 gid=0
size=1074253350 (maxblk=2098152) addr= 213 0 0 0 0 214 0 0 0 0 1435 266 251
Direct blocks: 213 0 0 0 0 214 0 0 0 0
Indirect 1 blocks: 1435: 0 0 0 0 0 0 1436 0 0 0 0 0 0 0 0 0 0 0 0 0 0 0 0 0 0 0 0 0 0 0 0 0 0 0 0 0 0 0 0 0 0 0 0 0 0 0 0 0 0 0 0 0 0 0 0 0 0 0 0 0 0 0 0 0 0 0 0 0 0 0 0 0 0 0 0 0 0 0 0 0 0 0 0 0 0 0 0 0 0 0 0 0 0 0 0 0 0 0 0 0 0 0 0 0 0 0 0 0 0 0 0 0 0 0 0 0 0 0 0 0 0 0 0 0 277 0 0 0
Indirect 2 blocks: 266:
 [0] [0] [0] [267] 0 0 0 0 0 0 0 0 0 0 0 0 0 0 0 0 0 0 0 0 0 0 0 0 0 0 0 0 0 0 0 0 0 0 0 0 0 0 0 0 0 0 0 0 0 0 0 0 0 0 0 0 0 0 0 0 0 0 0 0 0 0 0 0 0 0 0 0 0 0 0 0 0 0 0 0 268 0 0 0 0 0 0 0 0 0 0 0 0 0 0 0 0 0 0 0 0 0 0 0 0 0 0 0 0 0 0 0 0 0 0 0 0 0 0 0 0 0 0 0 0 0 0 0 0 0 0 0 [0] [0] [0] [0] [0] [0] [0] [0] [0] [0] [0] [0] [0] [0] [0] [0] [0] [0] [0] [0] [0] [0] [0] [0] [0] [0] [0] [0] [0] [0] [0] [0] [0] [0] [0] [0] [0] [0] [0] [0] [0] [0] [0] [0] [0] [0] [0] [0] [0] [0] [0] [0] [0] [0] [0] [0] [0] [0] [0] [0] [0] [0] [0] [0] [0] [0] [0] [0] [0] [0] [0] [0] [0] [0] [0] [0] [0] [0] [0] [0] [0] [0] [0] [0] [0] [0] [0] [0] [0] [0] [0] [0] [0] [0] [0] [0] [0] [0] [0] [0] [0] [0] [0] [0] [0] [0] [0] [0] [0] [0] [0] [0] [265] 0 0 0 0 0 0 0 0 0 0 0 0 0 0 0 250 0 0 0 0 0 0 0 0 0 0 0 0 0 0 0 0 0 0 0 0 0 0 0 0 0 0 0 0 0 0 0 0 0 0 0 0 0 0 0 0 0 0 0 0 0 0 0 0 0 0 0 0 0 0 0 0 0 0 0 0 0 0 0 0 0 0 0 0 0 0 0 0 0 0 0 0 0 0 0 0 0 0 0 0 0 0 0 0 0 0 0 0 0 0 0 0 0 0 0 0 0 0 0 0 0 0 0 0 0 0 0 0 [0] [0] [0] [0] [0] [0] [0] [0] [0] [0] [0]
Indirect 3 blocks: 251:
 [[252]] [0] [0] [0] [0] [0] [0] [0] [0] [0] [0] [0] [0] [0] [0] [0] [0] [0] [0] [0] [0] [0] [0] [0] [0] [0] [0] [0] [0] [253] 0 0 0 0 0 0 0 0 0 0 0 0 0 0 0 0 0 0 0 0 0 0 0 0 0 0 0 0 0 0 0 0 0 0 0 0 0 0 0 0 0 0 0 0 0 0 0 0 254 0 0 0 0 0 0 0 0 0 0 0 0 0 0 0 0 0 0 0 0 0 0 0 0 0 0 0 0 0 0 0 0 0 0 0 0 0 0 0 0 0 0 0 0 0 0 0 0 0 0 0 0 0 0 0 0 0 0 0 0 0 0 0 0 0 0 0 0 0 0 0 0 0 0 0 0 0 0 0 [0] [0] [0] [0] [0] [0] [0] [0] [0] [0] [0] [0] [0] [0] [0] [0] [0] [0] [0] [0] [0] [0] [0] [0] [0] [0] [0] [0] [0] [0] [0] [0] [0] [0] [0] [0] [0] [0] [0] [0] [0] [0] [0] [0] [0] [0] [0] [0] [0] [0] [0] [0] [0] [0] [0] [0] [0] [0] [0] [0] [0] [0] [0] [0] [0] [0] [0] [0] [0] [0] [0] [0] [0] [0] [0] [0] [0] [0] [0] [0] [0] [0] [0] [0] [0] [0] [0] [0] [0] [0] [0] [0] [0] [0] [0] [0] [0] [0] [0] [[0]] [[0]] [[0]] [[0]] [[0]] [[0]] [[0]] [[0]] [[0]] [[0]] [[0]] [[0]] [[0]] [[0]] [[0]] [[0]] [[0]] [[0]] [[0]] [[0]] [[0]] [[0]] [[0]] [[0]] [[0]] [[0]] [[0]] [[0]] [[0]] [[0]] [[0]] [[0]] [[0]] [[0]] [[0]] [[0]] [[0]] [[0]] [[0]] [[0]] [[0]] [[0]] [[0]] [[0]] [[0]] [[0]] [[0]] [[0]] [[0]] [[0]] [[0]] [[0]] [[0]] [[0]] [[0]] [[0]] [[0]] [[0]] [[0]] [[0]] [[0]] [[0]] [[0]] [[0]] [[0]] [[0]] [[0]] [[0]] [[0]] [[0]] [[0]] [[0]] [[0]] [[0]] [[0]] [[0]] [[0]] [[0]] [[0]] [[0]] [[0]] [[0]] [[0]] [[0]] [[0]] [[0]] [[0]] [[0]] [[0]] [[0]] [[0]] [[0]] [[0]] [[0]] [[0]] [[0]] [[0]] [[0]] [[0]] [[0]] [[0]] [[0]] [[0]] [[0]] [[0]] [[0]] [[0]] [[0]] [[0]] [[0]] [[0]] [[0]] [[0]] [[0]] [[0]] [[0]] [[0]] [[0]] [[0]] [[0]] [[0]] [[0]] [[0]] [[0]] [[0]] [[0]] [[255]] [0] [0] [0] [0] [0] [0] [256] 0 0 0 0 0 0 0 0 0 0 0 0 0 0 0 0 0 0 0 0 0 0 0 0 0 0 0 0 0 0 0 0 0 0 0 0 0 0 0 0 0 0 0 0 0 0 0 0 0 0 0 0 0 0 0 0 0 0 0 0 0 0 0 0 0 0 0 0 0 0 0 0 0 0 0 0 0 0 0 0 0 0 0 0 0 0 0 0 0 0 0 0 0 257
atime=Thu Feb 19 15:58:01 MET 1987
ctime=Tue Mar 17 09:27:01 MET 1987
mtime=Thu Feb 19 15:59:35 MET 1987
---------------------------------------
Inode: 7  /filsys
mode=040775 (drwxrwxr-x )  type=4 (dir)
nlink=2 uid=31 gid=0
size=176 (maxblk=1) addr= 263 0 0 0 0 0 0 0 0 0 0 0 0
Direct blocks: 263
atime=Tue Mar 17 12:40:26 MET 1987
ctime=Tue Mar 17 12:40:03 MET 1987
mtime=Tue Mar 17 12:40:03 MET 1987
---------------------------------------
Inode: 116  /eendir
mode=040775 (drwxrwxr-x )  type=4 (dir)
nlink=2 uid=31 gid=0
size=112 (maxblk=1) addr= 249 0 0 0 0 0 0 0 0 0 0 0 0
Direct blocks: 249
atime=Tue Mar 17 09:27:22 MET 1987
ctime=Tue Mar 17 09:27:04 MET 1987
mtime=Tue Mar 17 09:27:04 MET 1987
---------------------------------------
Inode: 8  /filsys/const.h
mode=100444 (-r--r--r-- )  type=8 (reg)
nlink=1 uid=31 gid=0
size=1463 (maxblk=3) addr= 264 227 228 0 0 0 0 0 0 0 0 0 0
Direct blocks: 264 227 228
atime=Tue Mar 17 12:40:00 MET 1987
ctime=Tue Mar 17 12:40:01 MET 1987
mtime=Tue Mar 17 12:40:01 MET 1987
---------------------------------------
Inode: 10  /filsys/fblk.h
mode=100444 (-r--r--r-- )  type=8 (reg)
nlink=1 uid=31 gid=0
size=347 (maxblk=1) addr= 229 0 0 0 0 0 0 0 0 0 0 0 0
Direct blocks: 229
atime=Tue Mar 17 12:40:01 MET 1987
ctime=Tue Mar 17 12:40:01 MET 1987
mtime=Tue Mar 17 12:40:01 MET 1987
---------------------------------------
Inode: 11  /filsys/filsys.h
mode=100444 (-r--r--r-- )  type=8 (reg)
nlink=1 uid=31 gid=0
size=1057 (maxblk=3) addr= 230 231 232 0 0 0 0 0 0 0 0 0 0
Direct blocks: 230 231 232
atime=Tue Mar 17 12:40:01 MET 1987
ctime=Tue Mar 17 12:40:01 MET 1987
mtime=Tue Mar 17 12:40:01 MET 1987
---------------------------------------
Inode: 12  /filsys/ino.h
mode=100444 (-r--r--r-- )  type=8 (reg)
nlink=1 uid=31 gid=0
size=1582 (maxblk=4) addr= 233 234 235 236 0 0 0 0 0 0 0 0 0
Direct blocks: 233 234 235 236
atime=Tue Mar 17 12:40:01 MET 1987
ctime=Tue Mar 17 12:40:02 MET 1987
mtime=Tue Mar 17 12:40:02 MET 1987
---------------------------------------
Inode: 13  /filsys/macro.h
mode=100444 (-r--r--r-- )  type=8 (reg)
nlink=1 uid=31 gid=0
size=1331 (maxblk=3) addr= 237 238 239 0 0 0 0 0 0 0 0 0 0
Direct blocks: 237 238 239
atime=Tue Mar 17 12:40:02 MET 1987
ctime=Tue Mar 17 12:40:02 MET 1987
mtime=Tue Mar 17 12:40:02 MET 1987
---------------------------------------
Inode: 14  /filsys/param.h
mode=100444 (-r--r--r-- )  type=8 (reg)
nlink=1 uid=31 gid=0
size=114 (maxblk=1) addr= 273 0 0 0 0 0 0 0 0 0 0 0 0
Direct blocks: 273
atime=Tue Mar 17 12:40:02 MET 1987
ctime=Tue Mar 17 12:40:02 MET 1987
mtime=Tue Mar 17 12:40:02 MET 1987
---------------------------------------
Inode: 15  /filsys/stat.h
mode=100444 (-r--r--r-- )  type=8 (reg)
nlink=1 uid=31 gid=0
size=1004 (maxblk=2) addr= 274 275 0 0 0 0 0 0 0 0 0 0 0
Direct blocks: 274 275
atime=Tue Mar 17 12:40:02 MET 1987
ctime=Tue Mar 17 12:40:02 MET 1987
mtime=Tue Mar 17 12:40:02 MET 1987
---------------------------------------
Inode: 16  /filsys/tune.h
mode=100444 (-r--r--r-- )  type=8 (reg)
nlink=1 uid=31 gid=0
size=3537 (maxblk=7) addr= 276 258 259 282 283 284 280 0 0 0 0 0 0
Direct blocks: 276 258 259 282 283 284 280
atime=Tue Mar 17 12:40:02 MET 1987
ctime=Tue Mar 17 12:40:02 MET 1987
mtime=Tue Mar 17 12:40:02 MET 1987
---------------------------------------
Inode: 17  /filsys/types.h
mode=100444 (-r--r--r-- )  type=8 (reg)
nlink=1 uid=31 gid=0
size=2316 (maxblk=5) addr= 281 288 289 290 278 0 0 0 0 0 0 0 0
Direct blocks: 281 288 289 290 278
atime=Tue Mar 17 12:40:03 MET 1987
ctime=Tue Mar 17 12:40:03 MET 1987
mtime=Tue Mar 17 12:40:03 MET 1987
---------------------------------------
Inode: 9  /eendir/holes.c
mode=100664 (-rw-rw-r-- )  type=8 (reg)
nlink=1 uid=31 gid=0
size=713 (maxblk=2) addr= 1433 1434 0 0 0 0 0 0 0 0 0 0 0
Direct blocks: 1433 1434
atime=Fri Feb 20 17:00:25 MET 1987
ctime=Thu Feb 19 16:00:38 MET 1987
mtime=Thu Feb 19 15:45:25 MET 1987
---------------------------------------
Inode: 5  /eendir/holes
mode=100777 (-rwxrwxrwx )  type=8 (reg)
nlink=1 uid=31 gid=0
size=5847 (maxblk=12) addr= 1424 936 927 928 937 934 935 1017 1018 926 929 0 0
Direct blocks: 1424 936 927 928 937 934 935 1017 1018 926
Indirect 1 blocks: 929: 1016 1019
atime=Fri Feb 20 17:02:42 MET 1987
ctime=Fri Feb 20 17:01:05 MET 1987
mtime=Fri Feb 20 17:01:05 MET 1987
---------------------------------------
Inode: 6  /eendir/core
mode=100664 (-rw-rw-r-- )  type=8 (reg)
nlink=1 uid=31 gid=0
size=28692 (maxblk=57) addr= 1023 1024 1025 1006 1007 1008 924 925 1430 1426 1425 0 0
Direct blocks: 1023 1024 1025 1006 1007 1008 924 925 1430 1426
Indirect 1 blocks: 1425: 939 1015 930 1012 1013 1014 1010 931 221 220 219 218 215 216 217 1427 1428 1429 938 244 245 246 240 285 286 287 242 243 269 270 271 272 1432 1011 932 933 1431 1437 1438 1439 1009 98 208 207 260 261 262
atime=Fri Feb 20 17:02:09 MET 1987
ctime=Fri Feb 20 17:03:27 MET 1987
mtime=Fri Feb 20 17:03:27 MET 1987
---------------------------------------
Cache: finalize sectors: -1 1 2 3 4 5 16 59 60 93 134 152 241 249 251 252 253 255 256 263 265 266 267 332 397 497 513 515 627 677 781 792 843 893 898 929 1003 1020 1021 1049 1099 1151 1201 1251 1301 1354 1401 1421 1422 1425 1435 -1
Cache: finalize inodes: -1 1 2 3 4 5 6 7 8 9 10 11 12 13 14 15 16 17 28 116 117 -1
